2,3455
2,3454
2,3453
2,3452
2,3451
2,3450
2,3449
2,3448
2,3447
2,3446
2,3445
2,3444
2,3443
2,3442
2,3441
2,3440
2,3439
2,3438
2,3437
2,3436
2,3435
2,3434
2,3433
2,3432
2,3431
2,3430
2,3429
2,3428
2,3427
2,3426
2,3425
2,3424
2,3423
2,3422
2,3421
2,3420
2,3419
2,3418
2,3417
2,3416
2,3415
2,3414
2,3413
2,3412
2,3411
2,3410
2,3409
2,3408
2,3407
2,3406
2,3405
2,3404
2,3403
2,3402
2,3401
2,3400
2,3399
2,3398
2,3397
2,3396
2,3395
2,3394
2,3393
2,3392
2,2943
2,2942
2,2941
2,2940
2,2939
2,2938
2,2937
2,2936
2,2935
2,2934
2,2933
2,2932
2,2931
2,2930
2,2929
2,2928
2,2927
2,2926
2,2925
2,2924
2,2923
2,2922
2,2921
2,2920
2,2919
2,2918
2,2917
2,2916
2,2915
2,2914
2,2913
2,2912
2,2911
2,2910
2,2909
2,2908
2,2907
2,2906
2,2905
2,2904
2,2903
2,2902
2,2901
2,2900
2,2899
2,2898
2,2897
2,2896
2,2895
2,2894
2,2893
2,2892
2,2891
2,2890
2,2889
2,2888
2,2887
2,2886
2,2885
2,2884
2,2883
2,2882
2,2881
2,2880
2,2431
2,2430
2,2429
2,2428
2,2427
2,2426
2,2425
2,2424
2,2423
2,2422
2,2421
2,2420
2,2419
2,2418
2,2417
2,2416
2,2415
2,2414
2,2413
2,2412
2,2411
2,2410
2,2409
2,2408
2,2407
2,2406
2,2405
2,2404
2,2403
2,2402
2,2401
2,2400
2,2399
2,2398
2,2397
2,2396
2,2395
2,2394
2,2393
2,2392
2,2391
2,2390
2,2389
2,2388
2,2387
2,2386
2,2385
2,2384
2,2383
2,2382
2,2381
2,2380
2,2379
2,2378
2,2377
2,2376
2,2375
2,2374
3,213
3,212
3,211
3,210
3,209
3,208
3,207
3,206
3,205
3,204
3,203
3,202
3,201
3,200
3,199
3,198
3,197
3,196
3,195
3,194
3,193
3,192
2,3391
2,3390
2,3389
2,3388
2,3387
2,3386
2,3385
2,3384
2,3383
2,3382
2,3381
2,3380
2,3379
2,3378
2,3377
2,3376
2,3375
2,3374
2,3373
2,3372
2,3371
2,3370
2,3369
2,3368
2,3367
2,3366
2,3365
2,3364
2,3363
2,3362
2,3361
2,3360
2,3359
2,3358
2,3357
2,3356
2,3355
2,3354
2,3353
2,3352
2,3351
2,3350
2,3349
2,3348
2,3347
2,3346
2,3345
2,3344
2,3343
2,3342
2,3341
2,3340
2,3339
2,3338
2,3337
2,3336
2,3335
2,3334
2,3333
2,3332
2,3331
2,3330
2,3329
2,3328
2,2879
2,2878
2,2877
2,2876
2,2875
2,2874
2,2873
2,2872
2,2871
2,2870
2,2869
2,2868
2,2867
2,2866
2,2865
2,2864
2,2863
2,2862
2,2861
2,2860
2,2859
2,2858
2,2857
2,2856
2,2855
2,2854
2,2853
2,2852
2,2851
2,2850
2,2849
2,2848
2,2847
2,2846
2,2845
2,2844
2,2843
2,2842
2,2841
2,2840
2,2839
2,2838
2,2837
2,2836
2,2835
2,2834
2,2833
2,2832
2,2831
2,2830
2,2829
2,2828
2,2827
2,2826
2,2825
2,2824
2,2823
2,2822
2,2821
2,2820
2,2819
2,2818
2,2817
2,2816
2,2367
2,2366
2,2365
2,2364
2,2363
2,2362
2,2361
2,2360
2,2359
2,2358
2,2357
2,2356
2,2355
2,2354
2,2353
2,2352
2,2351
2,2350
2,2349
2,2348
2,2347
2,2346
2,2345
2,2344
2,2343
2,2342
2,2341
2,2340
2,2339
2,2338
2,2337
2,2336
2,2335
2,2334
2,2333
2,2332
5,11
5,10
5,9
5,8
5,7
5,6
5,5
5,4
5,3
5,2
5,1
3,191
3,190
3,189
3,188
3,187
3,186
3,185
3,184
3,183
3,182
3,181
3,180
3,179
3,178
3,177
3,176
3,175
3,174
3,173
3,172
3,171
3,170
3,169
3,168
3,167
3,166
3,165
3,164
3,163
3,162
3,161
3,160
3,159
3,158
3,157
3,156
3,155
3,154
3,153
3,152
3,151
3,150
3,149
3,148
3,147
3,146
3,145
3,144
3,143
3,142
3,141
3,140
3,139
3,138
3,137
3,136
3,135
3,134
3,133
3,132
3,131
3,130
3,129
3,128
2,3819
2,3818
2,3817
2,3816
2,3815
2,3814
2,3813
2,3812
2,3811
2,3810
2,3809
2,3808
2,3807
2,3806
2,3805
2,3804
2,3803
2,3802
2,3801
2,3800
2,3799
2,3798
2,3797
2,3796
2,3795
2,3794
2,3793
2,3792
2,3791
2,3790
2,3789
2,3788
2,3787
2,3786
2,3785
2,3784
2,3783
2,3782
2,3781
2,3780
2,3779
2,3778
2,3777
2,3776
2,3327
2,3326
2,3325
2,3324
2,3323
2,3322
2,3321
2,3320
2,3319
2,3318
2,3317
2,3316
2,3315
2,3314
2,3313
2,3312
2,3311
2,3310
2,3309
2,3308
2,3307
2,3306
2,3305
2,3304
2,3303
2,3302
2,3301
2,3300
2,3299
2,3298
2,3297
2,3296
2,3295
2,3294
2,3293
2,3292
2,3291
2,3290
2,3289
2,3288
2,3287
2,3286
2,3285
2,3284
2,3283
2,3282
2,3281
2,3280
2,3279
2,3278
2,3277
2,3276
2,3275
2,3274
2,3273
2,3272
2,3271
2,3270
2,3269
2,3268
2,3267
2,3266
2,3265
2,3264
2,2815
2,2814
2,2813
2,2812
2,2811
2,2810
4294967294,439
4294967294,1422
4,6
4,5
4,4
4,3
4,2
4,1
4294967294,1421
3,127
3,126
3,125
3,124
3,123
3,122
3,121
3,120
3,119
3,118
3,117
3,116
3,115
3,114
3,113
3,112
3,111
3,110
3,109
3,108
3,107
3,106
3,105
3,104
3,103
3,102
3,101
3,100
3,99
3,98
3,97
3,96
3,95
3,94
3,93
3,92
3,91
3,90
3,89
3,88
3,87
3,86
3,85
3,84
3,83
3,82
3,81
3,80
3,79
3,78
3,77
3,76
3,75
3,74
3,73
3,72
3,71
3,70
3,69
3,68
3,67
3,66
3,65
3,64
2,3775
2,3774
2,3773
2,3772
2,3771
2,3770
2,3769
2,3768
2,3767
2,3766
2,3765
2,3764
2,3763
2,3762
2,3761
2,3760
2,3759
2,3758
2,3757
2,3756
2,3755
2,3754
2,3753
2,3752
2,3751
2,3750
2,3749
2,3748
2,3747
2,3746
2,3745
2,3744
2,3743
2,3742
2,3741
2,3740
2,3739
2,3738
2,3737
2,3736
2,3735
2,3734
2,3733
2,3732
2,3731
2,3730
2,3729
2,3728
2,3727
2,3726
2,3725
2,3724
2,3723
2,3722
2,3721
2,3720
2,3719
2,3718
2,3717
2,3716
2,3715
2,3714
2,3713
2,3712
2,3263
2,3262
2,3261
2,3260
2,3259
2,3258
2,3257
2,3256
2,3255
2,3254
2,3253
2,3252
2,3251
2,3250
2,3249
2,3248
2,3247
2,3246
2,3245
2,3244
2,3243
2,3242
2,3241
2,3240
2,3239
2,3238
2,3237
2,3236
2,3235
2,3234
2,3233
2,3232
2,3231
2,3230
2,3229
2,3228
2,3227
2,3226
2,3225
2,3224
2,3223
2,3222
2,3221
2,3220
2,3219
2,3218
2,3217
2,3216
2,3215
2,3214
2,3213
2,3212
2,3211
2,3210
2,3209
3,36
3,35
3,34
3,33
3,32
3,31
3,30
3,29
3,28
3,27
3,26
3,25
3,24
3,23
3,22
3,21
3,20
3,19
3,18
3,17
3,16
3,15
3,14
3,13
3,12
3,11
3,10
3,9
3,8
3,7
3,6
3,5
3,4
3,3
3,2
3,1
2,3711
2,3710
2,3709
2,3708
2,3707
2,3706
2,3705
2,3704
2,3703
2,3702
2,3701
2,3700
2,3699
2,3698
2,3697
2,3696
2,3695
2,3694
2,3693
2,3692
2,3691
2,3690
2,3689
2,3688
2,3687
2,3686
2,3685
2,3684
2,3683
2,3682
2,3681
2,3680
2,3679
2,3678
2,3677
2,3676
2,3675
2,3674
2,3673
2,3672
2,3671
2,3670
2,3669
2,3668
2,3667
2,3666
2,3665
2,3664
2,3663
2,3662
2,3661
2,3660
2,3659
2,3658
2,3657
2,3656
2,3655
2,3654
2,3653
2,3652
2,3651
2,3650
2,3649
2,3648
2,3199
2,3198
2,3197
2,3196
2,3195
2,3194
2,3193
2,3192
2,3191
2,3190
2,3189
2,3188
2,3187
2,3186
2,3185
2,3184
2,3183
2,3182
2,3181
2,3180
2,3179
2,3178
2,3177
2,3176
2,3175
2,3174
2,3173
2,3172
2,3171
2,3170
2,3169
2,3168
2,3167
2,3166
2,3165
2,3164
2,3163
2,3162
2,3161
2,3160
2,3159
2,3158
2,3157
2,3156
2,3155
2,3154
2,3153
2,3152
2,3151
2,3150
2,3149
2,3148
2,3147
2,3146
2,3145
2,3144
2,3143
2,3142
2,3141
2,3140
2,3139
2,3138
2,3137
2,3136
2,2687
2,2686
2,2685
2,2684
2,2683
2,2682
2,2681
2,2680
2,2679
2,2678
2,2677
2,2676
2,2675
2,2674
2,2673
2,3647
2,3646
2,3645
2,3644
2,3643
2,3642
2,3641
2,3640
2,3639
2,3638
2,3637
2,3636
2,3635
2,3634
2,3633
2,3632
2,3631
2,3630
2,3629
2,3628
2,3627
2,3626
2,3625
2,3624
2,3623
2,3622
2,3621
2,3620
2,3619
2,3618
2,3617
2,3616
2,3615
2,3614
2,3613
2,3612
2,3611
2,3610
2,3609
2,3608
2,3607
2,3606
2,3605
2,3604
2,3603
2,3602
2,3601
2,3600
2,3599
2,3598
2,3597
2,3596
2,3595
2,3594
2,3593
2,3592
2,3591
2,3590
2,3589
2,3588
2,3587
2,3586
2,3585
2,3584
2,41
2,3135
2,3134
2,3133
2,3132
2,3131
2,3130
2,3129
2,3128
2,3127
2,3126
2,3125
2,3124
2,3123
2,3122
2,3121
2,3120
2,3119
2,3118
2,3117
2,3116
2,3115
2,3114
2,3113
2,3112
2,3111
2,3110
2,3109
2,3108
2,3107
2,3106
2,3105
2,3104
2,3103
2,3102
2,3101
2,3100
2,3099
2,3098
2,3097
2,3096
2,3095
2,3094
2,3093
2,3092
2,3091
2,3090
2,3089
2,3088
2,3087
2,3086
2,3085
2,3084
2,3083
2,3082
2,3081
2,3080
2,3079
2,3078
2,3077
2,3076
2,3075
2,3074
2,3073
2,3072
2,2623
2,2622
2,2621
2,2620
2,2619
2,2618
2,2617
2,2616
2,2615
2,2614
2,2613
2,2612
2,2611
2,2610
2,2609
2,2608
2,2607
2,2606
2,2605
2,2604
2,2603
2,2602
2,2601
2,2600
2,2599
2,2598
2,2597
2,2596
2,2595
2,2594
2,2593
2,2592
2,2591
2,2590
2,2589
2,2588
2,2587
2,2586
4294967294,1242
2,3583
2,3582
2,3581
2,3580
2,3579
2,3578
2,3577
2,3576
2,3575
2,3574
2,3573
2,3572
2,3571
2,3570
2,3569
2,3568
2,3567
2,3566
2,3565
2,3564
2,3563
2,3562
2,3561
2,3560
2,3559
2,3558
2,3557
2,3556
2,3555
2,3554
2,3553
2,3552
2,3551
2,3550
2,3549
2,3548
2,3547
2,3546
2,3545
2,3544
2,3543
2,3542
2,3541
2,3540
2,3539
2,3538
2,3537
2,3536
2,3535
2,3534
2,3533
2,3532
2,3531
2,3530
2,3529
2,3528
2,3527
2,3526
2,3525
2,3524
2,3523
2,3522
2,3521
2,3520
2,3071
2,3070
2,3069
2,3068
2,3067
2,3066
2,3065
2,3064
2,3063
2,3062
2,3061
2,3060
2,3059
2,3058
2,3057
2,3056
2,3055
2,3054
2,3053
2,3052
2,3051
2,3050
2,3049
2,3048
2,3047
2,3046
2,3045
2,3044
2,3043
2,3042
2,3041
2,3040
2,3039
2,3038
2,3037
2,3036
2,3035
2,3034
2,3033
2,3032
2,3031
2,3030
2,3029
2,3028
2,3027
2,3026
2,3025
2,3024
2,3023
2,3022
2,3021
2,3020
2,3019
2,3018
2,3017
2,3016
2,3015
2,3014
2,3013
2,3012
2,3011
2,3010
2,3009
2,3008
2,2559
2,2558
2,2557
2,2556
2,2555
2,2554
2,2553
2,2552
2,2551
2,2550
2,2549
2,2548
2,2547
2,2546
2,2545
2,2544
2,2543
2,2542
2,2541
2,2540
2,2539
2,2538
2,2537
2,2536
2,2535
2,2534
2,2533
2,2532
2,2531
2,2530
2,2529
2,2528
2,2527
2,2526
2,2525
2,2524
2,2523
2,3519
2,3518
2,3517
2,3516
2,3515
2,3514
2,3513
2,3512
2,3511
2,3510
2,3509
2,3508
2,3507
2,3506
2,3505
2,3504
2,3503
2,3502
2,3501
2,3500
2,3499
2,3498
2,3497
2,3496
2,3495
2,3494
2,3493
2,3492
2,3491
2,3490
2,3489
2,3488
2,3487
2,3486
2,3485
2,3484
2,3483
2,3482
2,3481
2,3480
2,3479
2,3478
2,3477
2,3476
2,3475
2,3474
2,3473
2,3472
2,3471
2,3470
2,3469
2,3468
2,3467
2,3466
2,3465
2,3464
2,3463
2,3462
2,3461
2,3460
2,3459
2,3458
2,3457
2,3456
2,3007
2,3006
2,3005
2,3004
2,3003
2,3002
2,3001
2,3000
2,2999
2,2998
2,2997
2,2996
2,2995
2,2994
2,2993
2,2992
2,2991
2,2990
2,2989
2,2988
2,2987
2,2986
2,2985
2,2984
2,2983
2,2982
2,2981
2,2980
2,2979
2,2978
2,2977
2,2976
2,2975
2,2974
2,2973
2,2972
2,2971
2,2970
2,2969
2,2968
2,2967
2,2966
2,2965
2,2964
2,2963
2,2962
2,2961
2,2960
2,2959
2,2958
2,2957
2,2956
2,2955
2,2954
2,2953
2,2952
2,2951
2,2950
2,2949
2,2948
2,2947
2,2946
2,2945
2,2944
2,2495
2,2494
2,2493
2,2492
2,2491
2,2490
2,2489
2,2488
2,2487
2,2486
2,2485
2,2484
2,2483
2,2482
2,2481
2,2480
2,2479
2,2478
2,2477
2,2476
2,2475
2,2474
2,2473
2,2472
2,2471
2,2470
2,2469
2,2468
2,2467
2,2466
2,2465
2,2464
2,2463
2,2462
2,2461
2,2460
2,2459
2,2458
2,2457
2,2456
2,2455
2,2454
2,2453
2,2452
